_viz_0 = nengo_gui.components.Slider(stim_food)
_viz_config[_viz_0].max_value = 1
_viz_config[_viz_0].min_value = -1
_viz_config[_viz_0].x = 0.13825888620730586
_viz_config[_viz_0].y = 0.6761740443745894
_viz_config[_viz_0].width = 0.05538040648107445
_viz_config[_viz_0].height = 0.1503540447449985
_viz_config[_viz_0].label_visible = True
_viz_1 = nengo_gui.components.Slider(stim_light)
_viz_config[_viz_1].max_value = 1
_viz_config[_viz_1].min_value = -1
_viz_config[_viz_1].x = 0.08575252647376054
_viz_config[_viz_1].y = 0.1822986144592103
_viz_config[_viz_1].width = 0.050681454706554774
_viz_config[_viz_1].height = 0.15035406768720505
_viz_config[_viz_1].label_visible = True
_viz_2 = nengo_gui.components.XYValue(food)
_viz_config[_viz_2].max_value = 1
_viz_config[_viz_2].min_value = -1
_viz_config[_viz_2].index_x = 0
_viz_config[_viz_2].index_y = 1
_viz_config[_viz_2].x = 0.34358757003185275
_viz_config[_viz_2].y = 0.41204000982078237
_viz_config[_viz_2].width = 0.1107608129621489
_viz_config[_viz_2].height = 0.1503540447449985
_viz_config[_viz_2].label_visible = True
_viz_3 = nengo_gui.components.XYValue(pos)
_viz_config[_viz_3].max_value = 1
_viz_config[_viz_3].min_value = -1
_viz_config[_viz_3].index_x = 0
_viz_config[_viz_3].index_y = 1
_viz_config[_viz_3].x = 1.3123020015898965
_viz_config[_viz_3].y = 0.28132356699885985
_viz_config[_viz_3].width = 0.17117580185059378
_viz_config[_viz_3].height = 0.23236534187863409
_viz_config[_viz_3].label_visible = True
_viz_5 = nengo_gui.components.XYValue(motor)
_viz_config[_viz_5].max_value = 1
_viz_config[_viz_5].min_value = -1
_viz_config[_viz_5].index_x = 0
_viz_config[_viz_5].index_y = 1
_viz_config[_viz_5].x = 1.0091324338439984
_viz_config[_viz_5].y = 0.017982581426895884
_viz_config[_viz_5].width = 0.16181143387666316
_viz_config[_viz_5].height = 0.21862929903920694
_viz_config[_viz_5].label_visible = True
_viz_ace_editor = nengo_gui.components.AceEditor()
_viz_net_graph = nengo_gui.components.NetGraph()
_viz_sim_control = nengo_gui.components.SimControl()
_viz_config[_viz_sim_control].shown_time = 0.5
_viz_config[_viz_sim_control].kept_time = 4
_viz_config[do_food].pos=(0.7983380495217419, 0.44434272146847487)
_viz_config[do_food].size=(0.06827721346981781, 0.09968473166593403)
_viz_config[food].pos=(0.5378047124906444, 0.7379393290133791)
_viz_config[food].size=(0.06827721346981781, 0.09968473166593403)
_viz_config[light].pos=(0.5327745057513752, 0.12618699614904033)
_viz_config[light].size=(0.06827721346981781, 0.09968473166593403)
_viz_config[model].pos=(0.038905232672109165, 0.18943569497237178)
_viz_config[model].size=(0.6491052468274194, 0.6491052468274194)
_viz_config[model].expanded=True
_viz_config[model].has_layout=True
_viz_config[motor].pos=(1.0744649666547421, 0.4368385322798627)
_viz_config[motor].size=(0.06827721346981781, 0.09968473166593403)
_viz_config[stim_food].pos=(0.2733210945660675, 0.7242953861446444)
_viz_config[stim_food].size=(0.054621770775854256, 0.07974778533274722)
_viz_config[stim_light].pos=(0.2733210945660675, 0.12618699614904033)
_viz_config[stim_light].size=(0.054621770775854256, 0.07974778533274722)