_viz_0 = nengo_gui.components.Slider(stim)
_viz_config[_viz_0].max_value = 1
_viz_config[_viz_0].min_value = -1
_viz_config[_viz_0].x = 0.11010194837130766
_viz_config[_viz_0].y = 0.15489829838297925
_viz_config[_viz_0].width = 0.08321445553970519
_viz_config[_viz_0].height = 0.17596782302664657
_viz_config[_viz_0].label_visible = True
_viz_1 = nengo_gui.components.Raster(a)
_viz_config[_viz_1].n_neurons = 10
_viz_config[_viz_1].x = 0.4986007541971013
_viz_config[_viz_1].y = 0.8314435084695837
_viz_config[_viz_1].width = 0.16642891107941038
_viz_config[_viz_1].height = 0.17596782302664657
_viz_config[_viz_1].label_visible = True
_viz_2 = nengo_gui.components.Value(a)
_viz_config[_viz_2].max_value = 1
_viz_config[_viz_2].min_value = -1
_viz_config[_viz_2].show_legend = False
_viz_config[_viz_2].legend_labels = ['label_0', 'label_1']
_viz_config[_viz_2].synapse = 0.01
_viz_config[_viz_2].x = 0.8032160960148728
_viz_config[_viz_2].y = 0.48661767561741226
_viz_config[_viz_2].width = 0.16642891107941038
_viz_config[_viz_2].height = 0.17596782302664657
_viz_config[_viz_2].label_visible = True
_viz_ace_editor = nengo_gui.components.AceEditor()
_viz_net_graph = nengo_gui.components.NetGraph()
_viz_sim_control = nengo_gui.components.SimControl()
_viz_config[_viz_sim_control].shown_time = 0.5
_viz_config[_viz_sim_control].kept_time = 4.0
_viz_config[a].pos=(0.4684302191978241, 0.49098483520015307)
_viz_config[a].size=(0.11006289308176101, 0.2916666666666667)
_viz_config[model].pos=(0.08549543224020927, 0.012788920647396083)
_viz_config[model].size=(0.8571428571428571, 0.8571428571428571)
_viz_config[model].expanded=True
_viz_config[model].has_layout=True
_viz_config[stim].pos=(0.14655362691624527, 0.5222509288200156)
_viz_config[stim].size=(0.1, 0.1)