_viz_0 = nengo_gui.components.Slider(stim)
_viz_config[_viz_0].max_value = 1
_viz_config[_viz_0].min_value = -1
_viz_config[_viz_0].x = 0.10570051758672096
_viz_config[_viz_0].y = 0.136800592052851
_viz_config[_viz_0].width = 0.08321445553970519
_viz_config[_viz_0].height = 0.17596782302664657
_viz_config[_viz_0].label_visible = True
_viz_1 = nengo_gui.components.Raster(a)
_viz_config[_viz_1].n_neurons = 10
_viz_config[_viz_1].x = 0.4582543391984389
_viz_config[_viz_1].y = 0.2846990693123975
_viz_config[_viz_1].width = 0.16642891107941038
_viz_config[_viz_1].height = 0.17596782302664657
_viz_config[_viz_1].label_visible = True
_viz_2 = nengo_gui.components.Raster(b)
_viz_config[_viz_2].n_neurons = 10
_viz_config[_viz_2].x = 0.899280062748945
_viz_config[_viz_2].y = 0.25270495018318795
_viz_config[_viz_2].width = 0.16642891107941038
_viz_config[_viz_2].height = 0.17596782302664657
_viz_config[_viz_2].label_visible = True
_viz_3 = nengo_gui.components.Value(a)
_viz_config[_viz_3].max_value = 1
_viz_config[_viz_3].min_value = -1
_viz_config[_viz_3].show_legend = False
_viz_config[_viz_3].legend_labels = ['label_0']
_viz_config[_viz_3].synapse = 0.01
_viz_config[_viz_3].x = 0.46161654044832723
_viz_config[_viz_3].y = 0.9011196348796827
_viz_config[_viz_3].width = 0.16642891107941038
_viz_config[_viz_3].height = 0.17596782302664657
_viz_config[_viz_3].label_visible = True
_viz_4 = nengo_gui.components.Value(b)
_viz_config[_viz_4].max_value = 1
_viz_config[_viz_4].min_value = -1
_viz_config[_viz_4].show_legend = False
_viz_config[_viz_4].legend_labels = ['label_0']
_viz_config[_viz_4].synapse = 0.01
_viz_config[_viz_4].x = 0.9127288677484994
_viz_config[_viz_4].y = 0.8932988725791198
_viz_config[_viz_4].width = 0.16642891107941038
_viz_config[_viz_4].height = 0.17596782302664657
_viz_config[_viz_4].label_visible = True
_viz_ace_editor = nengo_gui.components.AceEditor()
_viz_net_graph = nengo_gui.components.NetGraph()
_viz_sim_control = nengo_gui.components.SimControl()
_viz_config[_viz_sim_control].shown_time = 0.5
_viz_config[_viz_sim_control].kept_time = 4.0
_viz_config[a].pos=(0.4758253224767718, 0.5705444126859373)
_viz_config[a].size=(0.11006289308176101, 0.2916666666666667)
_viz_config[b].pos=(0.916076894803816, 0.5705444126859373)
_viz_config[b].size=(0.11006289308176101, 0.2916666666666667)
_viz_config[model].pos=(0.32852987317548354, 0.1980892128667198)
_viz_config[model].size=(0.520223727745583, 0.520223727745583)
_viz_config[model].expanded=True
_viz_config[model].has_layout=True
_viz_config[stim].pos=(0.05758632876608004, 0.5705444126859373)
_viz_config[stim].size=(0.08805031446540881, 0.23333333333333336)