_viz_0 = nengo_gui.components.Pointer(state,target='default')
_viz_config[_viz_0].label_visible = True
_viz_config[_viz_0].width = 0.14534883720930233
_viz_config[_viz_0].y = 0.6605095541401275
_viz_config[_viz_0].x = 0.16962080675035995
_viz_config[_viz_0].show_pairs = False
_viz_config[_viz_0].height = 0.1592356687898089
_viz_2 = nengo_gui.components.Value(q.output)
_viz_config[_viz_2].max_value = 1.5
_viz_config[_viz_2].min_value = -1.5
_viz_config[_viz_2].legend_labels = [u'DOG', u' CAT', u' RAT', u' COW']
_viz_config[_viz_2].height = 0.21336474084550408
_viz_config[_viz_2].label_visible = True
_viz_config[_viz_2].width = 0.1575293651846952
_viz_config[_viz_2].show_legend = True
_viz_config[_viz_2].y = 0.7240493665797619
_viz_config[_viz_2].x = 0.6152484726969654
_viz_ace_editor = nengo_gui.components.AceEditor()
_viz_net_graph = nengo_gui.components.NetGraph()
_viz_sim_control = nengo_gui.components.SimControl()
_viz_config[_viz_sim_control].kept_time = 4.0
_viz_config[_viz_sim_control].shown_time = 0.5
_viz_config[ens].pos=(0.49999999999999994, 0.9090909090909091)
_viz_config[ens].size=(0.09803921568627451, 0.04545454545454545)
_viz_config[model].pos=(0.011627906976744186, 0.0015923566878980893)
_viz_config[model].size=(1.0, 1.0)
_viz_config[model].expanded=True
_viz_config[model].has_layout=True
_viz_config[q].pos=(0.6223225728695916, 0.27388788996230967)
_viz_config[q].size=(0.15128076486507278, 0.18503184713375642)
_viz_config[q].expanded=True
_viz_config[q].has_layout=True
_viz_config[q.ea_ensembles[0]].pos=(0.49999999999999994, 0.36363636363636365)
_viz_config[q.ea_ensembles[0]].size=(0.09803921568627451, 0.04545454545454545)
_viz_config[q.ea_ensembles[1]].pos=(0.49999999999999994, 0.09090909090909091)
_viz_config[q.ea_ensembles[1]].size=(0.09803921568627451, 0.04545454545454545)
_viz_config[q.ea_ensembles[2]].pos=(0.49999999999999994, 0.6363636363636362)
_viz_config[q.ea_ensembles[2]].size=(0.09803921568627451, 0.04545454545454545)
_viz_config[q.input].pos=(0.12745098039215685, 0.5)
_viz_config[q.input].size=(0.07843137254901959, 0.03636363636363636)
_viz_config[q.output].pos=(0.872549019607843, 0.36363636363636365)
_viz_config[q.output].size=(0.07843137254901959, 0.03636363636363636)
_viz_config[q.positive].pos=(0.872549019607843, 0.6363636363636362)
_viz_config[q.positive].size=(0.07843137254901959, 0.03636363636363636)
_viz_config[state].pos=(0.16025674006997312, 0.26751592356687903)
_viz_config[state].size=(0.04424778761061946, 0.1)
_viz_config[state].expanded=False
_viz_config[state].has_layout=False
_viz_config[state.state_ensembles].expanded=False
_viz_config[state.state_ensembles].has_layout=False