_viz_0 = nengo_gui.components.Pointer(state,target='default')
_viz_config[_viz_0].label_visible = True
_viz_config[_viz_0].width = 0.14534736118703037
_viz_config[_viz_0].y = 0.2767261959182846
_viz_config[_viz_0].x = 0.15319142377745404
_viz_config[_viz_0].show_pairs = False
_viz_config[_viz_0].height = 0.14331210798518673
_viz_2 = nengo_gui.components.Value(q.output)
_viz_config[_viz_2].max_value = 1
_viz_config[_viz_2].min_value = -1
_viz_config[_viz_2].legend_labels = [u'label_0', u'label_1', u'label_2', u'label_3']
_viz_config[_viz_2].height = 0.1594896331738437
_viz_config[_viz_2].label_visible = True
_viz_config[_viz_2].width = 0.19932754768812952
_viz_config[_viz_2].show_legend = False
_viz_config[_viz_2].y = 0.7556398378691365
_viz_config[_viz_2].x = 0.655530139773747
_viz_ace_editor = nengo_gui.components.AceEditor()
_viz_net_graph = nengo_gui.components.NetGraph()
_viz_sim_control = nengo_gui.components.SimControl()
_viz_config[_viz_sim_control].kept_time = 4.0
_viz_config[_viz_sim_control].shown_time = 0.5
_viz_config[model].pos=(0, 0)
_viz_config[model].size=(1.0, 1.0)
_viz_config[model].expanded=True
_viz_config[model].has_layout=True
_viz_config[q].pos=(0.6538926336759351, 0.29852116539176404)
_viz_config[q].size=(0.09913713547434469, 0.26226114649681387)
_viz_config[q].expanded=True
_viz_config[q].has_layout=True
_viz_config[q.ea_ensembles[0]].pos=(0.49999999999999994, 0.36363636363636365)
_viz_config[q.ea_ensembles[0]].size=(0.09803921568627451, 0.04545454545454545)
_viz_config[q.ea_ensembles[1]].pos=(0.49999999999999994, 0.9090909090909091)
_viz_config[q.ea_ensembles[1]].size=(0.09803921568627451, 0.04545454545454545)
_viz_config[q.ea_ensembles[2]].pos=(0.4881019830028326, 0.09688995215311005)
_viz_config[q.ea_ensembles[2]].size=(0.09803921568627451, 0.04545454545454545)
_viz_config[q.ea_ensembles[3]].pos=(0.49999999999999994, 0.6363636363636362)
_viz_config[q.ea_ensembles[3]].size=(0.09803921568627451, 0.04545454545454545)
_viz_config[q.input].pos=(0.1497650299789337, 0.4999999999999998)
_viz_config[q.input].size=(0.07843137254901959, 0.03636363636363636)
_viz_config[q.output].pos=(0.872549019607843, 0.5)
_viz_config[q.output].size=(0.07843137254901959, 0.03636363636363636)
_viz_config[state].pos=(0.38341936766818896, 0.3088918010138264)
_viz_config[state].size=(0.07936507936507937, 0.1)
_viz_config[state].expanded=True
_viz_config[state].has_layout=True
_viz_config[state.input].pos=(0.12745098039215685, 0.5)
_viz_config[state.input].size=(0.07843137254901959, 0.08)
_viz_config[state.output].pos=(0.872549019607843, 0.5)
_viz_config[state.output].size=(0.07843137254901959, 0.08)
_viz_config[state.state_ensembles].pos=(0.5, 0.5)
_viz_config[state.state_ensembles].size=(0.4, 0.4)
_viz_config[state.state_ensembles].expanded=False
_viz_config[state.state_ensembles].has_layout=True
_viz_config[state.state_ensembles.ea_ensembles[0]].pos=(0.49999999999999994, 0.7999999999999999)
_viz_config[state.state_ensembles.ea_ensembles[0]].size=(0.09803921568627451, 0.1)
_viz_config[state.state_ensembles.ea_ensembles[1]].pos=(0.49999999999999994, 0.2)
_viz_config[state.state_ensembles.ea_ensembles[1]].size=(0.09803921568627451, 0.1)