_viz_0 = nengo_gui.components.Slider(stim_food)
_viz_config[_viz_0].label_visible = True
_viz_config[_viz_0].width = 0.08003442504935339
_viz_config[_viz_0].x = 0.11979995453512153
_viz_config[_viz_0].y = 1.1538216560509582
_viz_config[_viz_0].max_value = 1
_viz_config[_viz_0].min_value = -1
_viz_config[_viz_0].height = 0.1480891841232397
_viz_1 = nengo_gui.components.XYValue(position)
_viz_config[_viz_1].index_x = 0
_viz_config[_viz_1].index_y = 1
_viz_config[_viz_1].max_value = 10
_viz_config[_viz_1].min_value = -10
_viz_config[_viz_1].height = 0.1536624264565243
_viz_config[_viz_1].label_visible = True
_viz_config[_viz_1].width = 0.1721170395869191
_viz_config[_viz_1].y = 0.860668789808917
_viz_config[_viz_1].x = 0.8005210666540924
_viz_2 = nengo_gui.components.Slider(stim_scared)
_viz_config[_viz_2].label_visible = True
_viz_config[_viz_2].width = 0.08605851979345955
_viz_config[_viz_2].x = 0.1295548422493082
_viz_config[_viz_2].y = 1.492338039556115
_viz_config[_viz_2].max_value = 1
_viz_config[_viz_2].min_value = -1
_viz_config[_viz_2].height = 0.1592356687898089
_viz_4 = nengo_gui.components.XYValue(motor)
_viz_config[_viz_4].index_x = 0
_viz_config[_viz_4].index_y = 1
_viz_config[_viz_4].max_value = 1
_viz_config[_viz_4].min_value = -1
_viz_config[_viz_4].height = 0.1592356687898089
_viz_config[_viz_4].label_visible = True
_viz_config[_viz_4].width = 0.1721170395869191
_viz_config[_viz_4].y = 1.2385980129719119
_viz_config[_viz_4].x = 0.3993889894666334
_viz_ace_editor = nengo_gui.components.AceEditor()
_viz_net_graph = nengo_gui.components.NetGraph()
_viz_sim_control = nengo_gui.components.SimControl()
_viz_config[_viz_sim_control].kept_time = 4.0
_viz_config[_viz_sim_control].shown_time = 0.5
_viz_config[decide_food].pos=(0.47038131612076217, 0.6765871794682637)
_viz_config[decide_food].size=(0.1, 0.1)
_viz_config[food].pos=(0.31144931978402857, 0.8805732484076412)
_viz_config[food].size=(0.0684931506849315, 0.25)
_viz_config[model].pos=(0.27008032128514076, -0.44767338995046074)
_viz_config[model].size=(0.7346938775510203, 0.7346938775510203)
_viz_config[model].expanded=True
_viz_config[model].has_layout=True
_viz_config[motor].pos=(0.5905854337113631, 0.9538216560509553)
_viz_config[motor].size=(0.0684931506849315, 0.25)
_viz_config[position].pos=(0.8834909108056493, 1.0063694267515932)
_viz_config[position].size=(0.0684931506849315, 0.25)
_viz_config[stim_food].pos=(0.08904109589041095, 0.9394904458598725)
_viz_config[stim_food].size=(0.0547945205479452, 0.2)