_viz_0 = nengo_gui.components.Slider(stim)
_viz_config[_viz_0].label_visible = True
_viz_config[_viz_0].width = 0.09771970435347631
_viz_config[_viz_0].x = 0.018152993044454536
_viz_config[_viz_0].y = 0.622710220332663
_viz_config[_viz_0].max_value = 1
_viz_config[_viz_0].min_value = -1
_viz_config[_viz_0].height = 0.2144673379374975
_viz_1 = nengo_gui.components.Raster(a)
_viz_config[_viz_1].label_visible = True
_viz_config[_viz_1].width = 0.26970636910475104
_viz_config[_viz_1].y = 0.7374022522460019
_viz_config[_viz_1].x = 0.4621165767256736
_viz_config[_viz_1].n_neurons = 100
_viz_config[_viz_1].height = 0.35601578097624587
_viz_2 = nengo_gui.components.Value(a)
_viz_config[_viz_2].synapse = 0.01
_viz_config[_viz_2].max_value = 1
_viz_config[_viz_2].min_value = -1
_viz_config[_viz_2].legend_labels = [u'label_0', u'label_1']
_viz_config[_viz_2].height = 0.34743708745874596
_viz_config[_viz_2].label_visible = True
_viz_config[_viz_2].width = 0.19543940870695262
_viz_config[_viz_2].show_legend = False
_viz_config[_viz_2].y = 0.7087477255081018
_viz_config[_viz_2].x = 0.8941081008907993
_viz_3 = nengo_gui.components.XYValue(a)
_viz_config[_viz_3].index_x = 0
_viz_config[_viz_3].index_y = 1
_viz_config[_viz_3].max_value = 1
_viz_config[_viz_3].min_value = -1
_viz_config[_viz_3].height = 0.2144673379374975
_viz_config[_viz_3].label_visible = True
_viz_config[_viz_3].width = 0.19543940870695262
_viz_config[_viz_3].y = 0.17072464689559277
_viz_config[_viz_3].x = 0.900018343898604
_viz_ace_editor = nengo_gui.components.AceEditor()
_viz_net_graph = nengo_gui.components.NetGraph()
_viz_sim_control = nengo_gui.components.SimControl()
_viz_config[_viz_sim_control].kept_time = 4.0
_viz_config[_viz_sim_control].shown_time = 0.5
_viz_config[a].pos=(0.5497054054147664, 0.170201868120955)
_viz_config[a].size=(0.11774004212256266, 0.1292031815371356)
_viz_config[model].pos=(0.21064030001403336, 0.1142947856965162)
_viz_config[model].size=(0.7694248608534321, 0.7694248608534321)
_viz_config[model].expanded=True
_viz_config[model].has_layout=True
_viz_config[stim].pos=(0.10433357704096419, 0.17612627933130273)
_viz_config[stim].size=(0.1, 0.1)