_viz_0 = nengo_gui.components.Slider(stim)
_viz_config[_viz_0].label_visible = True
_viz_config[_viz_0].width = 0.08652943195081457
_viz_config[_viz_0].x = -0.07187398845873956
_viz_config[_viz_0].y = 0.1414812535450954
_viz_config[_viz_0].max_value = 1
_viz_config[_viz_0].min_value = -1
_viz_config[_viz_0].height = 0.2480290205918387
_viz_1 = nengo_gui.components.Value(a)
_viz_config[_viz_1].synapse = 0.01
_viz_config[_viz_1].max_value = 1
_viz_config[_viz_1].min_value = -1
_viz_config[_viz_1].legend_labels = [u'label_0', u'label_1']
_viz_config[_viz_1].height = 0.2480290205918387
_viz_config[_viz_1].label_visible = True
_viz_config[_viz_1].width = 0.17305886390162914
_viz_config[_viz_1].show_legend = False
_viz_config[_viz_1].y = 0.16926050385138106
_viz_config[_viz_1].x = 0.27554760749720203
_viz_2 = nengo_gui.components.Value(b)
_viz_config[_viz_2].synapse = 0.01
_viz_config[_viz_2].max_value = 1
_viz_config[_viz_2].min_value = -1
_viz_config[_viz_2].legend_labels = [u'label_0', u'label_1', u'label_2']
_viz_config[_viz_2].height = 0.2480290205918387
_viz_config[_viz_2].label_visible = True
_viz_config[_viz_2].width = 0.17305886390162914
_viz_config[_viz_2].show_legend = False
_viz_config[_viz_2].y = 0.15933934302770747
_viz_config[_viz_2].x = 0.6316221466482247
_viz_3 = nengo_gui.components.Value(c)
_viz_config[_viz_3].synapse = 0.01
_viz_config[_viz_3].max_value = 1
_viz_config[_viz_3].min_value = -1
_viz_config[_viz_3].legend_labels = [u'label_0']
_viz_config[_viz_3].height = 0.2480290205918387
_viz_config[_viz_3].label_visible = True
_viz_config[_viz_3].width = 0.17305886390162914
_viz_config[_viz_3].show_legend = False
_viz_config[_viz_3].y = 0.15933934302770772
_viz_config[_viz_3].x = 0.9582766789359712
_viz_ace_editor = nengo_gui.components.AceEditor()
_viz_net_graph = nengo_gui.components.NetGraph()
_viz_sim_control = nengo_gui.components.SimControl()
_viz_config[_viz_sim_control].kept_time = 4.0
_viz_config[_viz_sim_control].shown_time = 0.5
_viz_config[a].pos=(0.2609442841871469, 0.5462646151509761)
_viz_config[a].size=(0.0890186347877558, 0.3249180169753087)
_viz_config[b].pos=(0.6170188233381702, 0.5462646151509761)
_viz_config[b].size=(0.0890186347877558, 0.3249180169753087)
_viz_config[c].pos=(0.9730933624891933, 0.5462646151509761)
_viz_config[c].size=(0.0890186347877558, 0.3249180169753087)
_viz_config[model].pos=(0.1930507532304077, 0.10357141879964131)
_viz_config[model].size=(0.7694248608534321, 0.7694248608534321)
_viz_config[model].expanded=True
_viz_config[model].has_layout=True
_viz_config[stim].pos=(-0.07732652800632515, 0.5462646151509761)
_viz_config[stim].size=(0.07121490783020465, 0.259934413580247)