_viz_0 = nengo_gui.components.Slider(stim)
_viz_config[_viz_0].label_visible = True
_viz_config[_viz_0].width = 0.09771970435347631
_viz_config[_viz_0].x = 0.0005634462608287913
_viz_config[_viz_0].y = 0.13801403659391953
_viz_config[_viz_0].max_value = 1
_viz_config[_viz_0].min_value = -1
_viz_config[_viz_0].height = 0.2144673379374975
_viz_1 = nengo_gui.components.Raster(a)
_viz_config[_viz_1].label_visible = True
_viz_config[_viz_1].width = 0.19543940870695262
_viz_config[_viz_1].y = 0.15700639679441863
_viz_config[_viz_1].x = 0.42002054666722244
_viz_config[_viz_1].n_neurons = 10
_viz_config[_viz_1].height = 0.2144673379374975
_viz_2 = nengo_gui.components.Raster(b)
_viz_config[_viz_2].label_visible = True
_viz_config[_viz_2].width = 0.19543940870695262
_viz_config[_viz_2].y = 0.15271705003566888
_viz_config[_viz_2].x = 0.8948276837447177
_viz_config[_viz_2].n_neurons = 10
_viz_config[_viz_2].height = 0.2144673379374975
_viz_3 = nengo_gui.components.Value(a)
_viz_config[_viz_3].synapse = 0.01
_viz_config[_viz_3].max_value = 1
_viz_config[_viz_3].min_value = -1
_viz_config[_viz_3].legend_labels = [u'label_0']
_viz_config[_viz_3].height = 0.2144673379374975
_viz_config[_viz_3].label_visible = True
_viz_config[_viz_3].width = 0.19543940870695262
_viz_config[_viz_3].show_legend = False
_viz_config[_viz_3].y = 0.9119314263344092
_viz_config[_viz_3].x = 0.4082941821448051
_viz_4 = nengo_gui.components.Value(b)
_viz_config[_viz_4].synapse = 0.01
_viz_config[_viz_4].max_value = 1
_viz_config[_viz_4].min_value = -1
_viz_config[_viz_4].legend_labels = [u'label_0']
_viz_config[_viz_4].height = 0.2144673379374975
_viz_config[_viz_4].label_visible = True
_viz_config[_viz_4].width = 0.19543940870695262
_viz_config[_viz_4].show_legend = False
_viz_config[_viz_4].y = 0.9140760997137839
_viz_config[_viz_4].x = 0.8909188955705781
_viz_ace_editor = nengo_gui.components.AceEditor()
_viz_net_graph = nengo_gui.components.NetGraph()
_viz_sim_control = nengo_gui.components.SimControl()
_viz_config[_viz_sim_control].kept_time = 4.0
_viz_config[_viz_sim_control].shown_time = 0.5
_viz_config[a].pos=(0.4127192253608119, 0.5291072281159765)
_viz_config[a].size=(0.12261057244351271, 0.3249180169753087)
_viz_config[b].pos=(0.9070703033090022, 0.5226732079778514)
_viz_config[b].size=(0.12261057244351271, 0.3249180169753087)
_viz_config[model].pos=(0.21064030001403336, 0.1142947856965162)
_viz_config[model].size=(0.7694248608534321, 0.7694248608534321)
_viz_config[model].expanded=True
_viz_config[model].has_layout=True
_viz_config[stim].pos=(-0.004341101475509096, 0.5216008712881639)
_viz_config[stim].size=(0.09808845422709929, 0.1387603676455613)