_viz_0 = nengo_gui.components.Slider(stim_b)
_viz_config[_viz_0].label_visible = True
_viz_config[_viz_0].width = 0.09771970435347631
_viz_config[_viz_0].x = -0.027425073191298648
_viz_config[_viz_0].y = 0.14023505096770628
_viz_config[_viz_0].max_value = 1
_viz_config[_viz_0].min_value = -1
_viz_config[_viz_0].height = 0.2144673379374975
_viz_1 = nengo_gui.components.Slider(stim_a)
_viz_config[_viz_1].label_visible = True
_viz_config[_viz_1].width = 0.09771970435347631
_viz_config[_viz_1].x = -0.046969014061993906
_viz_config[_viz_1].y = 0.8406853766715726
_viz_config[_viz_1].max_value = 1
_viz_config[_viz_1].min_value = -1
_viz_config[_viz_1].height = 0.2144673379374975
_viz_4 = nengo_gui.components.Value(c)
_viz_config[_viz_4].synapse = 0.01
_viz_config[_viz_4].max_value = 1
_viz_config[_viz_4].min_value = -1
_viz_config[_viz_4].legend_labels = [u'label_0', u'label_1']
_viz_config[_viz_4].height = 0.2144673379374975
_viz_config[_viz_4].label_visible = True
_viz_config[_viz_4].width = 0.19543940870695262
_viz_config[_viz_4].show_legend = False
_viz_config[_viz_4].y = 0.5474972505487318
_viz_config[_viz_4].x = 0.3328900210209472
_viz_5 = nengo_gui.components.Value(d)
_viz_config[_viz_5].synapse = 0.01
_viz_config[_viz_5].max_value = 1
_viz_config[_viz_5].min_value = -1
_viz_config[_viz_5].legend_labels = [u'label_0']
_viz_config[_viz_5].height = 0.2144673379374975
_viz_config[_viz_5].label_visible = True
_viz_config[_viz_5].width = 0.19543940870695262
_viz_config[_viz_5].show_legend = False
_viz_config[_viz_5].y = 0.8972552930208922
_viz_config[_viz_5].x = 0.904542340151371
_viz_ace_editor = nengo_gui.components.AceEditor()
_viz_net_graph = nengo_gui.components.NetGraph()
_viz_sim_control = nengo_gui.components.SimControl()
_viz_config[_viz_sim_control].kept_time = 4.0
_viz_config[_viz_sim_control].shown_time = 0.5
_viz_config[a].pos=(0.4068560430996033, 0.9297322153832215)
_viz_config[a].size=(0.12261057244351271, 0.1299672067901235)
_viz_config[b].pos=(0.4049016490125335, 0.11346952719310596)
_viz_config[b].size=(0.12261057244351271, 0.1299672067901235)
_viz_config[c].pos=(0.697950135992562, 0.5312519014953514)
_viz_config[c].size=(0.04517444105594758, 0.04957261270990948)
_viz_config[d].pos=(0.9468297365853534, 0.5039612176708683)
_viz_config[d].size=(0.1, 0.1)
_viz_config[model].pos=(0.21064030001403336, 0.1142947856965162)
_viz_config[model].size=(0.7694248608534321, 0.7694248608534321)
_viz_config[model].expanded=True
_viz_config[model].has_layout=True
_viz_config[stim_a].pos=(-0.05124655583746682, 0.9254428686244716)
_viz_config[stim_a].size=(0.09808845795481018, 0.1039737654320988)
_viz_config[stim_b].pos=(-0.05124655583746682, 0.1456396278837308)
_viz_config[stim_b].size=(0.09808845795481018, 0.1039737654320988)