_viz_0 = nengo_gui.components.Slider(stim)
_viz_config[_viz_0].label_visible = True
_viz_config[_viz_0].width = 0.08652943195081457
_viz_config[_viz_0].x = -0.041637016214197464
_viz_config[_viz_0].y = 0.09635117028833272
_viz_config[_viz_0].max_value = 1
_viz_config[_viz_0].min_value = -1
_viz_config[_viz_0].height = 0.2480290205918387
_viz_1 = nengo_gui.components.Value(a)
_viz_config[_viz_1].synapse = 0.01
_viz_config[_viz_1].max_value = 1
_viz_config[_viz_1].min_value = -1
_viz_config[_viz_1].legend_labels = [u'label_0', u'label_1']
_viz_config[_viz_1].height = 0.2480290205918387
_viz_config[_viz_1].label_visible = True
_viz_config[_viz_1].width = 0.17305886390162914
_viz_config[_viz_1].show_legend = False
_viz_config[_viz_1].y = 0.5077632310600534
_viz_config[_viz_1].x = 0.6824732571926597
_viz_ace_editor = nengo_gui.components.AceEditor()
_viz_net_graph = nengo_gui.components.NetGraph()
_viz_sim_control = nengo_gui.components.SimControl()
_viz_config[_viz_sim_control].kept_time = 4.0
_viz_config[_viz_sim_control].shown_time = 0.5
_viz_config[a].pos=(0.3137129245380242, 0.5435342116469815)
_viz_config[a].size=(0.06349351725426731, 0.08870417851699111)
_viz_config[model].pos=(0.1930507532304077, 0.10357141879964131)
_viz_config[model].size=(0.7694248608534321, 0.7694248608534321)
_viz_config[model].expanded=True
_viz_config[model].has_layout=True
_viz_config[stim].pos=(-0.07732652800632515, 0.5462646151509761)
_viz_config[stim].size=(0.07121490783020465, 0.259934413580247)